3.62698575604e+16 1.01860168789e+13
3.86878480644e+16 8.41435275112e+15
4.11058385684e+16 1.66491212792e+18
4.35238290724e+16 1.12343971092e+20
4.59418195765e+16 3.40479995539e+21
4.83598100805e+16 5.73625166081e+22
5.07778005845e+16 6.02244152131e+23
5.31957910885e+16 4.39678974967e+24
5.56137815926e+16 2.48239368654e+25
5.80317720966e+16 1.11246517016e+26
6.04497626006e+16 4.13476698151e+26
6.28677531046e+16 1.31589195506e+27
6.52857436086e+16 3.47087533886e+27
6.77037341127e+16 7.67747985268e+27
7.01217246167e+16 1.48344769931e+28
7.25397151207e+16 2.84649069491e+28
7.49577056247e+16 5.1223483084e+28
7.73756961288e+16 8.54939040606e+28
7.97936866328e+16 1.34975956686e+29
8.22116771368e+16 2.01920119153e+29
8.46296676408e+16 2.88192095931e+29
8.70476581449e+16 3.95914033195e+29
8.94656486489e+16 5.25852935935e+29
9.18836391529e+16 6.77683802155e+29
9.43016296569e+16 8.29196563055e+29
9.6719620161e+16 9.82836742087e+29
9.9137610665e+16 1.14235011528e+30
1.01555601169e+17 1.31499708487e+30
1.03973591673e+17 1.51013268378e+30
1.06391582177e+17 1.71310132492e+30
1.08809572681e+17 1.92256222156e+30
1.11227563185e+17 2.13013032424e+30
1.13645553689e+17 2.31244916129e+30
1.16063544193e+17 2.49370662266e+30
1.18481534697e+17 2.67241435109e+30
1.20899525201e+17 2.84736586571e+30
1.23317515705e+17 2.84705624712e+30
1.25735506209e+17 2.81795704886e+30
1.28153496713e+17 2.77264308496e+30
1.30571487217e+17 2.64175530244e+30
1.32989477721e+17 2.61368163849e+30
1.35407468225e+17 2.68284477907e+30
1.37825458729e+17 2.74610037047e+30
1.40243449233e+17 2.80458949619e+30
1.42661439737e+17 2.85773702362e+30
1.45079430241e+17 2.91341876102e+30
1.47497420745e+17 2.99450059295e+30
1.49915411249e+17 3.07204217989e+30
1.52333401754e+17 3.14608903777e+30
1.54751392258e+17 3.21714838983e+30
1.57169382762e+17 3.28523119372e+30
1.59587373266e+17 3.32500444337e+30
1.6200536377e+17 3.34605109143e+30
1.64423354274e+17 3.36437887453e+30
1.66841344778e+17 3.37964569813e+30
1.69259335282e+17 3.39210888605e+30
1.71677325786e+17 3.39156691884e+30
1.7409531629e+17 3.40220678553e+30
1.76513306794e+17 3.41241619032e+30
1.78931297298e+17 3.42058419416e+30
1.81349287802e+17 3.4270049074e+30
1.83767278306e+17 3.43144008566e+30
1.8618526881e+17 3.434533404e+30
1.88603259314e+17 3.43611708306e+30
1.91021249818e+17 3.43382258437e+30
1.93439240322e+17 3.42967889072e+30
1.95857230826e+17 3.42463591864e+30
1.9827522133e+17 3.41863184432e+30
2.00693211834e+17 3.41162278374e+30
2.03111202338e+17 3.4036893419e+30
2.05529192842e+17 3.39499614311e+30
2.07947183346e+17 3.38252622525e+30
2.1036517385e+17 3.35788029184e+30
2.12783164354e+17 3.34303482163e+30
2.15201154858e+17 3.32780561192e+30
2.17619145362e+17 3.31209737524e+30
2.20037135866e+17 3.29595768e+30
2.2245512637e+17 3.27957899933e+30
2.24873116874e+17 3.26290783362e+30
2.27291107378e+17 3.24587332946e+30
2.29709097882e+17 3.22885643519e+30
2.32127088386e+17 3.21159464309e+30
2.3454507889e+17 3.19410371313e+30
2.36963069394e+17 3.17654305068e+30
2.39381059898e+17 3.15887883498e+30
2.41799050402e+17 3.14112558082e+30
2.44217040906e+17 3.12336058458e+30
2.4663503141e+17 3.10547689405e+30
2.49053021914e+17 3.09013382437e+30
2.51471012418e+17 3.07477825962e+30
2.53889002923e+17 3.05933704695e+30
2.56306993427e+17 3.04395692738e+30
2.58724983931e+17 3.02857022396e+30
2.61142974435e+17 3.01321008318e+30
2.63560964939e+17 2.99788236129e+30
2.65978955443e+17 2.98258720781e+30
2.68396945947e+17 2.96731143954e+30
2.70814936451e+17 2.95018787685e+30
2.73232926955e+17 2.93137069595e+30
2.75650917459e+17 2.9126279969e+30
2.78068907963e+17 2.89396871324e+30
2.80486898467e+17 2.87544895416e+30
2.82904888971e+17 2.8570745077e+30
2.85322879475e+17 2.83884923698e+30
2.87740869979e+17 2.82071764579e+30
2.90158860483e+17 2.80274091244e+30
2.92576850987e+17 2.78492022686e+30
2.94994841491e+17 2.76724159415e+30
2.97412831995e+17 2.74962451346e+30
2.99830822499e+17 2.73215764417e+30
3.02248813003e+17 2.71482819753e+30
3.04666803507e+17 2.69766196011e+30
3.07084794011e+17 2.68061884759e+30
3.09502784515e+17 2.66376690363e+30
3.11920775019e+17 2.64706756234e+30
3.14338765523e+17 2.63052073481e+30
3.16756756027e+17 2.61272860131e+30
3.19174746531e+17 2.59651928178e+30
3.21592737035e+17 2.58047864337e+30
3.24010727539e+17 2.5636209453e+30
3.26428718043e+17 2.54650648346e+30
3.28846708547e+17 2.52955631754e+30
3.31264699051e+17 2.51278217092e+30
3.33682689555e+17 2.49618616098e+30
3.36100680059e+17 2.4797749291e+30
3.38518670563e+17 2.4635306207e+30
3.40936661067e+17 2.44744166459e+30
3.43354651571e+17 2.43152676205e+30
3.45772642075e+17 2.41576409686e+30
3.48190632579e+17 2.40017392026e+30
3.50608623083e+17 2.38473739862e+30
3.53026613588e+17 2.36982005841e+30
3.55444604092e+17 2.35593158372e+30
3.57862594596e+17 2.34219517181e+30
3.602805851e+17 2.32858525144e+30
3.62698575604e+17 2.31511989043e+30
3.65116566108e+17 2.30179158063e+30
3.67534556612e+17 2.2886181599e+30
3.69952547116e+17 2.27555762925e+30
3.7237053762e+17 2.26263324576e+30
3.74788528124e+17 2.24984235877e+30
3.77206518628e+17 2.23719289956e+30
3.79624509132e+17 2.22466957667e+30
3.82042499636e+17 2.21227200599e+30
3.8446049014e+17 2.19998893178e+30
3.86878480644e+17 2.18715471275e+30
3.89296471148e+17 2.17417189491e+30
3.91714461652e+17 2.16130965914e+30
3.94132452156e+17 2.14857619759e+30
3.9655044266e+17 2.13597779475e+30
3.98968433164e+17 2.12351654884e+30
4.01386423668e+17 2.11117746423e+30
4.03804414172e+17 2.09895755067e+30
4.06222404676e+17 2.0868628673e+30
4.0864039518e+17 2.07489509031e+30
4.11058385684e+17 2.0630459854e+30
4.13476376188e+17 2.05131661099e+30
4.15894366692e+17 2.03970369774e+30
4.18312357196e+17 2.02820062917e+30
4.207303477e+17 2.01681384001e+30
4.23148338204e+17 2.00530885196e+30
4.25566328708e+17 1.99388027267e+30
4.27984319212e+17 1.9825727001e+30
4.30402309716e+17 1.97137747478e+30
4.3282030022e+17 1.96028399522e+30
4.35238290724e+17 1.94930706285e+30
4.37656281228e+17 1.93843252492e+30
4.40074271732e+17 1.92767319729e+30
4.42492262236e+17 1.91700456252e+30
4.4491025274e+17 1.90645199926e+30
4.47328243244e+17 1.89542311761e+30
4.49746233748e+17 1.88508136726e+30
4.52164224252e+17 1.87483751375e+30
4.54582214757e+17 1.86468928181e+30
4.57000205261e+17 1.8546370565e+30
4.59418195765e+17 1.84468063866e+30
4.61836186269e+17 1.83482523901e+30
4.64254176773e+17 1.8250710102e+30
4.66672167277e+17 1.81540816099e+30
4.69090157781e+17 1.8058326638e+30
4.71508148285e+17 1.79635001728e+30
4.73926138789e+17 1.78695327645e+30
4.76344129293e+17 1.77764524762e+30
4.78762119797e+17 1.76842813884e+30
4.81180110301e+17 1.7592884426e+30
4.83598100805e+17 1.75023468399e+30
4.86016091309e+17 1.7412621539e+30
4.88434081813e+17 1.73236922675e+30
4.90852072317e+17 1.72356265536e+30
4.93270062821e+17 1.71483070711e+30
4.95688053325e+17 1.7061787846e+30
4.98106043829e+17 1.69760381458e+30
5.00524034333e+17 1.6891056473e+30
5.02942024837e+17 1.68068250216e+30
5.05360015341e+17 1.67181973516e+30
5.07778005845e+17 1.66303628179e+30
5.10195996349e+17 1.6543322132e+30
5.12613986853e+17 1.64569990816e+30
5.15031977357e+17 1.63714763683e+30
5.17449967861e+17 1.62866890996e+30
5.19867958365e+17 1.62026596626e+30
5.22285948869e+17 1.61193417789e+30
5.24703939373e+17 1.60367329533e+30
5.27121929877e+17 1.59548584496e+30
5.29539920381e+17 1.58736652927e+30
5.31957910885e+17 1.57931609869e+30
5.34375901389e+17 1.57133767436e+30
5.36793891893e+17 1.56342717374e+30
5.39211882397e+17 1.55558202747e+30
5.41629872901e+17 1.54780117224e+30
5.44047863405e+17 1.54008692635e+30
5.46465853909e+17 1.53243540076e+30
5.48883844413e+17 1.52484977635e+30
5.51301834917e+17 1.51713321472e+30
5.53719825421e+17 1.50935344402e+30
5.56137815926e+17 1.50163686058e+30
5.5855580643e+17 1.49398496053e+30
5.60973796934e+17 1.48639573297e+30
5.63391787438e+17 1.47886761343e+30
5.65809777942e+17 1.47140103751e+30
5.68227768446e+17 1.46399430671e+30
5.7064575895e+17 1.45664860992e+30
5.73063749454e+17 1.44936092239e+30
5.75481739958e+17 1.44213382471e+30
5.77899730462e+17 1.43496327641e+30
5.80317720966e+17 1.42784949587e+30
5.8273571147e+17 1.42079303785e+30
5.85153701974e+17 1.41379138972e+30
5.87571692478e+17 1.40684650939e+30
5.89989682982e+17 1.39995655523e+30
5.92407673486e+17 1.39311718665e+30
5.9482566399e+17 1.38633358178e+30
5.97243654494e+17 1.37960402277e+30
5.99661644998e+17 1.37277517857e+30
6.02079635502e+17 1.36611942987e+30
6.04497626006e+17 1.35947009983e+30
6.0691561651e+17 1.35287159932e+30
6.09333607014e+17 1.34632500314e+30
6.11751597518e+17 1.33982812226e+30
6.14169588022e+17 1.33338005824e+30
6.16587578526e+17 1.32698106431e+30
6.1900556903e+17 1.32062984788e+30
6.21423559534e+17 1.31432596322e+30
6.23841550038e+17 1.30806985211e+30
6.26259540542e+17 1.30185982852e+30
6.28677531046e+17 1.29569587216e+30
6.3109552155e+17 1.28957733718e+30
6.33513512054e+17 1.28350439802e+30
6.35931502558e+17 1.27747661202e+30
6.38349493062e+17 1.27149258488e+30
6.40767483566e+17 1.26555342657e+30
6.4318547407e+17 1.25965694946e+30
6.45603464574e+17 1.25380305666e+30
6.48021455078e+17 1.24799137486e+30
6.50439445582e+17 1.24222202386e+30
6.52857436086e+17 1.23649442605e+30
6.55275426591e+17 1.23080768669e+30
6.57693417095e+17 1.22505759256e+30
6.60111407599e+17 1.21910672909e+30
6.62529398103e+17 1.21319899658e+30
6.64947388607e+17 1.20733382293e+30
6.67365379111e+17 1.20150961545e+30
6.69783369615e+17 1.19572610738e+30
6.72201360119e+17 1.18998327547e+30
6.74619350623e+17 1.18428047514e+30
6.77037341127e+17 1.17861742639e+30
6.79455331631e+17 1.17299338328e+30
6.81873322135e+17 1.16740846847e+30
6.84291312639e+17 1.16186137562e+30
6.86709303143e+17 1.15635360467e+30
6.89127293647e+17 1.15088262624e+30
6.91545284151e+17 1.14544905189e+30
6.93963274655e+17 1.14005263633e+30
6.96381265159e+17 1.13469279024e+30
6.98799255663e+17 1.12936901632e+30
7.01217246167e+17 1.12408147653e+30
7.03635236671e+17 1.11882863984e+30
7.06053227175e+17 1.11361182847e+30
7.08471217679e+17 1.10842998911e+30
7.10889208183e+17 1.10328223297e+30
7.13307198687e+17 1.09816922267e+30
7.15725189191e+17 1.0930897704e+30
7.18143179695e+17 1.08804362782e+30
7.20561170199e+17 1.08287246293e+30
7.22979160703e+17 1.07773572351e+30
7.25397151207e+17 1.07263227286e+30
7.27815141711e+17 1.06756211117e+30
7.30233132215e+17 1.06252485601e+30
7.32651122719e+17 1.05751984757e+30
7.35069113223e+17 1.05254710452e+30
7.37487103727e+17 1.04760661854e+30
7.39905094231e+17 1.04269774251e+30
7.42323084735e+17 1.03782044096e+30
7.44741075239e+17 1.03297417704e+30
7.47159065743e+17 1.02815866689e+30
7.49577056247e+17 1.02337382172e+30
7.51995046751e+17 1.01861929827e+30
7.54413037255e+17 1.0138946671e+30
7.5683102776e+17 1.00919998777e+30
7.59249018264e+17 1.00453414746e+30
7.61667008768e+17 9.9989745522e+29
7.64084999272e+17 9.95289210053e+29
7.66502989776e+17 9.90710114606e+29
7.6892098028e+17 9.86159762307e+29
7.71338970784e+17 9.8163694068e+29
7.73756961288e+17 9.77141254558e+29
7.76174951792e+17 9.72674298088e+29
7.78592942296e+17 9.68218729094e+29
7.810109328e+17 9.63806071908e+29
7.83428923304e+17 9.59420207874e+29
7.85846913808e+17 9.54971403505e+29
7.88264904312e+17 9.5041537986e+29
7.90682894816e+17 9.4588672614e+29
7.9310088532e+17 9.41384997741e+29
7.95518875824e+17 9.36910303642e+29
7.97936866328e+17 9.3246255921e+29
8.00354856832e+17 9.28040922017e+29
8.02772847336e+17 9.2364602559e+29
8.0519083784e+17 9.19277309781e+29
8.07608828344e+17 9.14934003169e+29
8.10026818848e+17 9.10616415332e+29
8.12444809352e+17 9.06324146132e+29
8.14862799856e+17 9.0205722455e+29
8.1728079036e+17 8.9781506061e+29
8.19698780864e+17 8.93597615888e+29
8.22116771368e+17 8.89404861559e+29
8.24534761872e+17 8.85236155238e+29
8.26952752376e+17 8.81091887461e+29
8.2937074288e+17 8.7697117313e+29
8.31788733384e+17 8.72874402281e+29
8.34206723888e+17 8.68801049483e+29
8.36624714392e+17 8.64750759113e+29
8.39042704896e+17 8.60723460197e+29
8.414606954e+17 8.56719307647e+29
8.43878685904e+17 8.52737317376e+29
8.46296676408e+17 8.48778034863e+29
8.48714666912e+17 8.44841174612e+29
8.51132657416e+17 8.40926383633e+29
8.5355064792e+17 8.37033667304e+29
8.55968638424e+17 8.33162653834e+29
8.58386628929e+17 8.29308911842e+29
8.60804619433e+17 8.25435312503e+29
8.63222609937e+17 8.21583197209e+29
8.65640600441e+17 8.17752538128e+29
8.68058590945e+17 8.13942906664e+29
8.70476581449e+17 8.10154253139e+29
8.72894571953e+17 8.06386314974e+29
8.75312562457e+17 8.02639005701e+29
8.77730552961e+17 7.98912129205e+29
8.80148543465e+17 7.95205566824e+29
8.82566533969e+17 7.91519098765e+29
8.84984524473e+17 7.87852946235e+29
8.87402514977e+17 7.84206268863e+29
8.89820505481e+17 7.8057937834e+29
8.92238495985e+17 7.76971961174e+29
8.94656486489e+17 7.73383730745e+29
8.97074476993e+17 7.69814778343e+29
8.99492467497e+17 7.66264801852e+29
9.01910458001e+17 7.62733736277e+29
9.04328448505e+17 7.59221170473e+29
9.06746439009e+17 7.55727302936e+29
9.09164429513e+17 7.52251844233e+29
9.11582420017e+17 7.48794597908e+29
9.14000410521e+17 7.4535566489e+29
9.16418401025e+17 7.41934589627e+29
9.18836391529e+17 7.3853137041e+29
9.21254382033e+17 7.35145886749e+29
9.23672372537e+17 7.31778002321e+29
9.26090363041e+17 7.28427588871e+29
9.28508353545e+17 7.25094515553e+29
9.30926344049e+17 7.21778518365e+29
9.33344334553e+17 7.18479551309e+29
9.35762325057e+17 7.15197541753e+29
9.38180315561e+17 7.11928965281e+29
9.40598306065e+17 7.08647984625e+29
9.43016296569e+17 7.0538390122e+29
9.45434287073e+17 7.02136380071e+29
9.47852277577e+17 6.98905325104e+29
9.50270268081e+17 6.95690697451e+29
9.52688258585e+17 6.92492065721e+29
9.55106249089e+17 6.89309368013e+29
9.57524239594e+17 6.86142743642e+29
9.59942230098e+17 6.82992120239e+29
9.62360220602e+17 6.79857184052e+29
9.64778211106e+17 6.76737880462e+29
9.6719620161e+17 6.73633933462e+29
9.69614192114e+17 6.70545503288e+29
9.72032182618e+17 6.67472131731e+29
9.74450173122e+17 6.64414038349e+29
9.76868163626e+17 6.61366434725e+29
9.7928615413e+17 6.5833844818e+29
9.81704144634e+17 6.553252961e+29
9.84122135138e+17 6.52326852417e+29
9.86540125642e+17 6.49343009623e+29
9.88958116146e+17 6.46373662475e+29
9.9137610665e+17 6.43418700517e+29
9.93794097154e+17 6.40477892929e+29
9.96212087658e+17 6.37551345793e+29
9.98630078162e+17 6.34639031918e+29
1.00104806867e+18 6.31740612181e+29
1.00346605917e+18 6.28856021088e+29
1.00588404967e+18 6.25985162802e+29
1.00830204018e+18 6.23127991626e+29
1.01072003068e+18 6.20284477486e+29
1.01313802119e+18 6.17454426531e+29
1.01555601169e+18 6.14637841885e+29
1.01797400219e+18 6.11834554151e+29
1.0203919927e+18 6.09044351023e+29
1.0228099832e+18 6.06267371993e+29
1.02522797371e+18 6.03503426202e+29
1.02764596421e+18 6.00812268319e+29
1.03006395471e+18 5.98133622968e+29
1.03248194522e+18 5.95467474313e+29
1.03489993572e+18 5.92813729688e+29
1.03731792623e+18 5.90172283272e+29
1.03973591673e+18 5.87542987731e+29
1.04215390723e+18 5.84925887006e+29
1.04457189774e+18 5.82320919957e+29
1.04698988824e+18 5.7972792729e+29
1.04940787875e+18 5.77146749805e+29
1.05182586925e+18 5.74577309808e+29
1.05424385975e+18 5.72019653119e+29
1.05666185026e+18 5.69473636327e+29
1.05907984076e+18 5.66939104591e+29
1.06149783127e+18 5.64416195998e+29
1.06391582177e+18 5.61904692984e+29
1.06633381227e+18 5.59404472069e+29
1.06875180278e+18 5.56915558382e+29
1.07116979328e+18 5.54437793278e+29
1.07358778379e+18 5.51971117736e+29
1.07600577429e+18 5.49515524394e+29
1.07842376479e+18 5.47070782138e+29
1.0808417553e+18 5.4463697409e+29
1.0832597458e+18 5.4221397494e+29
1.08567773631e+18 5.39801766049e+29
1.08809572681e+18 5.37400179995e+29
1.09051371731e+18 5.35009178917e+29
1.09293170782e+18 5.32628733997e+29
1.09534969832e+18 5.30258716601e+29
1.09776768883e+18 5.27899123229e+29
1.10018567933e+18 5.25549903146e+29
1.10260366983e+18 5.23210920361e+29
1.10502166034e+18 5.20882162216e+29
1.10743965084e+18 5.18563506753e+29
1.10985764135e+18 5.16254857033e+29
1.11227563185e+18 5.13956265497e+29
1.11469362236e+18 5.11667586376e+29
1.11711161286e+18 5.09388786161e+29
1.11952960336e+18 5.07119799679e+29
1.12194759387e+18 5.04902525024e+29
1.12436558437e+18 5.02736647607e+29
1.12678357488e+18 5.00580027253e+29
1.12920156538e+18 4.98432571761e+29
1.13161955588e+18 4.96294319336e+29
1.13403754639e+18 4.94165115571e+29
1.13645553689e+18 4.92044885082e+29
1.1388735274e+18 4.89933657358e+29
1.1412915179e+18 4.87831376179e+29
1.1437095084e+18 4.85737921362e+29
1.14612749891e+18 4.83653259718e+29
1.14854548941e+18 4.81577317907e+29
1.15096347992e+18 4.79510093706e+29
1.15338147042e+18 4.77451519667e+29
1.15579946092e+18 4.75401516679e+29
1.15821745143e+18 4.73360045942e+29
1.16063544193e+18 4.7132705291e+29
1.16305343244e+18 4.69302475421e+29
1.16547142294e+18 4.67286271098e+29
1.16788941344e+18 4.65278389794e+29
1.17030740395e+18 4.63278731078e+29
1.17272539445e+18 4.61287281791e+29
1.17514338496e+18 4.59304054212e+29
1.17756137546e+18 4.57328938615e+29
1.17997936596e+18 4.55361861146e+29
1.18239735647e+18 4.53402801469e+29
1.18481534697e+18 4.51451747027e+29
1.18723333748e+18 4.49508584866e+29
1.18965132798e+18 4.47573309835e+29
1.19206931848e+18 4.45645852186e+29
1.19448730899e+18 4.43726185813e+29
1.19690529949e+18 4.41814257537e+29
1.19932329e+18 4.39909985902e+29
1.2017412805e+18 4.38013364425e+29
1.204159271e+18 4.36124338584e+29
1.20657726151e+18 4.34242885118e+29
1.20899525201e+18 4.32368901242e+29
1.21141324252e+18 4.30502378053e+29
1.21383123302e+18 4.28643253878e+29
1.21624922352e+18 4.26791448087e+29
1.21866721403e+18 4.24947024026e+29
1.22108520453e+18 4.23109910913e+29
1.22350319504e+18 4.21280022967e+29
1.22592118554e+18 4.1949245265e+29
1.22833917604e+18 4.17793696243e+29
1.23075716655e+18 4.16101576356e+29
1.23317515705e+18 4.14416087872e+29
1.23559314756e+18 4.1273720118e+29
1.23801113806e+18 4.11064845611e+29
1.24042912856e+18 4.09398959152e+29
1.24284711907e+18 4.07739531481e+29
1.24526510957e+18 4.0608655878e+29
1.24768310008e+18 4.04439925933e+29
1.25010109058e+18 4.0279966005e+29
1.25251908108e+18 4.01165728407e+29
1.25493707159e+18 3.99538089862e+29
1.25735506209e+18 3.97916678689e+29
1.2597730526e+18 3.96301463991e+29
1.2621910431e+18 3.94692426862e+29
1.2646090336e+18 3.93089517855e+29
1.26702702411e+18 3.91492714984e+29
1.26944501461e+18 3.89901974781e+29
1.27186300512e+18 3.88317317427e+29
1.27428099562e+18 3.8673861657e+29
1.27669898612e+18 3.85165871804e+29
1.27911697663e+18 3.83599055378e+29
1.28153496713e+18 3.82038140901e+29
1.28395295764e+18 3.80483099067e+29
1.28637094814e+18 3.78933898952e+29
1.28878893864e+18 3.77390464892e+29
1.29120692915e+18 3.75852808272e+29
1.29362491965e+18 3.74320901067e+29
1.29604291016e+18 3.72794696836e+29
1.29846090066e+18 3.71274155127e+29
1.30087889116e+18 3.69759253916e+29
1.30329688167e+18 3.68249960227e+29
1.30571487217e+18 3.66746239131e+29
1.30813286268e+18 3.65248036497e+29
1.31055085318e+18 3.63755363789e+29
1.31296884369e+18 3.62268181139e+29
1.31538683419e+18 3.6078645041e+29
1.31780482469e+18 3.59310146395e+29
1.3202228152e+18 3.57839237261e+29
1.3226408057e+18 3.56373699687e+29
1.32505879621e+18 3.54913505099e+29
1.32747678671e+18 3.53458596936e+29
1.32989477721e+18 3.52008967734e+29
1.33231276772e+18 3.50564591136e+29
1.33473075822e+18 3.49125429919e+29
1.33714874873e+18 3.47691458638e+29
1.33956673923e+18 3.46275700088e+29
1.34198472973e+18 3.44982033069e+29
1.34440272024e+18 3.4369302513e+29
1.34682071074e+18 3.42408629227e+29
1.34923870125e+18 3.41128817849e+29
1.35165669175e+18 3.3985359784e+29
1.35407468225e+18 3.38582912611e+29
1.35649267276e+18 3.37316752917e+29
1.35891066326e+18 3.36055076303e+29
1.36132865377e+18 3.34797874426e+29
1.36374664427e+18 3.33545131956e+29
1.36616463477e+18 3.32296826862e+29
1.36858262528e+18 3.31052911259e+29
1.37100061578e+18 3.29813374207e+29
1.37341860629e+18 3.28578188323e+29
1.37583659679e+18 3.27347332254e+29
1.37825458729e+18 3.26120780715e+29
1.3806725778e+18 3.24898514637e+29
1.3830905683e+18 3.23680517994e+29
1.38550855881e+18 3.2246676657e+29
1.38792654931e+18 3.2125723097e+29
1.39034453981e+18 3.20051905335e+29
1.39276253032e+18 3.18850754455e+29
1.39518052082e+18 3.17653754537e+29
1.39759851133e+18 3.1646088826e+29
1.40001650183e+18 3.15272140856e+29
1.40243449233e+18 3.14087473047e+29
1.40485248284e+18 3.12906874732e+29
1.40727047334e+18 3.11730343134e+29
1.40968846385e+18 3.10557821646e+29
1.41210645435e+18 3.09389304181e+29
1.41452444485e+18 3.08224782344e+29
1.41694243536e+18 3.07064241281e+29
1.41936042586e+18 3.05907630573e+29
1.42177841637e+18 3.04754943053e+29
1.42419640687e+18 3.03606177543e+29
1.42661439737e+18 3.02461294363e+29
1.42903238788e+18 3.01320289268e+29
1.43145037838e+18 3.00183121745e+29
1.43386836889e+18 2.99049785106e+29
1.43628635939e+18 2.97920253236e+29
1.43870434989e+18 2.96794507324e+29
1.4411223404e+18 2.95672525084e+29
1.4435403309e+18 2.94554304735e+29
1.44595832141e+18 2.9343981481e+29
1.44837631191e+18 2.92329041523e+29
1.45079430241e+18 2.9122197862e+29
1.45321229292e+18 2.90118592937e+29
1.45563028342e+18 2.89018853966e+29
1.45804827393e+18 2.87922763662e+29
1.46046626443e+18 2.86830290361e+29
1.46288425493e+18 2.85741428531e+29
1.46530224544e+18 2.84680036463e+29
1.46772023594e+18 2.83638030233e+29
1.47013822645e+18 2.82599459351e+29
1.47255621695e+18 2.81564307048e+29
1.47497420745e+18 2.80532521328e+29
1.47739219796e+18 2.79504124259e+29
1.47981018846e+18 2.7847907461e+29
1.48222817897e+18 2.77457353694e+29
1.48464616947e+18 2.76438968672e+29
1.48706415997e+18 2.7542388488e+29
1.48948215048e+18 2.74412102495e+29
1.49190014098e+18 2.73403585683e+29
1.49431813149e+18 2.72398331998e+29
1.49673612199e+18 2.7139632083e+29
1.49915411249e+18 2.70397531351e+29
1.501572103e+18 2.69401957373e+29
1.5039900935e+18 2.68409574487e+29
1.50640808401e+18 2.67420369562e+29
1.50882607451e+18 2.66434335385e+29
1.51124406501e+18 2.65451451783e+29
1.51366205552e+18 2.64471703702e+29
1.51608004602e+18 2.63495076181e+29
1.51849803653e+18 2.62521554355e+29
1.52091602703e+18 2.61551123453e+29
1.52333401754e+18 2.60583768797e+29
1.52575200804e+18 2.59619474378e+29
1.52816999854e+18 2.58658224302e+29
1.53058798905e+18 2.5770001076e+29
1.53300597955e+18 2.56744822314e+29
1.53542397006e+18 2.55792627639e+29
1.53784196056e+18 2.54843425816e+29
1.54025995106e+18 2.53897206049e+29
1.54267794157e+18 2.52953944204e+29
1.54509593207e+18 2.52013621467e+29
1.54751392258e+18 2.51076245064e+29
1.54993191308e+18 2.50141795816e+29
1.55234990358e+18 2.49210241768e+29
1.55476789409e+18 2.48281583819e+29
1.55718588459e+18 2.47355806032e+29
1.5596038751e+18 2.46432895046e+29
1.5620218656e+18 2.4551283578e+29
1.5644398561e+18 2.44595620439e+29
1.56685784661e+18 2.43681228144e+29
1.56927583711e+18 2.42769651557e+29
1.57169382762e+18 2.41860880062e+29
1.57411181812e+18 2.40954896279e+29
1.57652980862e+18 2.40051683308e+29
1.57894779913e+18 2.39151234526e+29
1.58136578963e+18 2.38253536101e+29
1.58378378014e+18 2.37358575447e+29
1.58620177064e+18 2.36466347175e+29
1.58861976114e+18 2.35576821879e+29
1.59103775165e+18 2.34689998674e+29
1.59345574215e+18 2.33805867935e+29
1.59587373266e+18 2.32924409817e+29
1.59829172316e+18 2.32045616496e+29
1.60070971366e+18 2.31171536226e+29
1.60312770417e+18 2.30308334546e+29
1.60554569467e+18 2.2944773314e+29
1.60796368518e+18 2.28589715745e+29
1.61038167568e+18 2.27734280605e+29
1.61279966618e+18 2.2688140486e+29
1.61521765669e+18 2.26031079137e+29
1.61763564719e+18 2.25183282597e+29
1.6200536377e+18 2.24338025068e+29
1.6224716282e+18 2.2349528249e+29
1.6248896187e+18 2.22655041529e+29
1.62730760921e+18 2.21817295831e+29
1.62972559971e+18 2.20982035471e+29
1.63214359022e+18 2.2014924767e+29
1.63456158072e+18 2.19318920691e+29
1.63697957122e+18 2.18491043915e+29
1.63939756173e+18 2.17665609419e+29
1.64181555223e+18 2.16842600492e+29
1.64423354274e+18 2.16022008538e+29
1.64665153324e+18 2.15203826483e+29
1.64906952374e+18 2.1438803666e+29
1.65148751425e+18 2.13574633291e+29
1.65390550475e+18 2.12763608785e+29
1.65632349526e+18 2.119549486e+29
1.65874148576e+18 2.11148647817e+29
1.66115947626e+18 2.10344687192e+29
1.66357746677e+18 2.09543055667e+29
1.66599545727e+18 2.08743759082e+29
1.66841344778e+18 2.07946767261e+29
1.67083143828e+18 2.0715208024e+29
1.67324942878e+18 2.06359687441e+29
1.67566741929e+18 2.05569586887e+29
1.67808540979e+18 2.04781761372e+29
1.6805034003e+18 2.03996196327e+29
1.6829213908e+18 2.03212886926e+29
1.6853393813e+18 2.02431824313e+29
1.68775737181e+18 2.01652996963e+29
1.69017536231e+18 2.00876397904e+29
1.69259335282e+18 2.00102009622e+29
1.69501134332e+18 1.99329831569e+29
1.69742933382e+18 1.98559846997e+29
1.69984732433e+18 1.97792059829e+29
1.70226531483e+18 1.97026446813e+29
1.70468330534e+18 1.96263003472e+29
1.70710129584e+18 1.95501722668e+29
1.70951928634e+18 1.94742593086e+29
1.71193727685e+18 1.9398560485e+29
1.71435526735e+18 1.93230749471e+29
1.71677325786e+18 1.92478020198e+29
1.71919124836e+18 1.91727407019e+29
1.72160923887e+18 1.9096853293e+29
1.72402722937e+18 1.90222197476e+29
1.72644521987e+18 1.89477959813e+29
1.72886321038e+18 1.88735792422e+29
1.73128120088e+18 1.87995698627e+29
1.73369919139e+18 1.8725766131e+29
1.73611718189e+18 1.86521683044e+29
1.73853517239e+18 1.85787747305e+29
1.7409531629e+18 1.85055857142e+29
1.7433711534e+18 1.84325992391e+29
1.74578914391e+18 1.83598150915e+29
1.74820713441e+18 1.8287230745e+29
1.75062512491e+18 1.82184776469e+29
1.75304311542e+18 1.81523306323e+29
1.75546110592e+18 1.80863652195e+29
1.75787909643e+18 1.80205811837e+29
1.76029708693e+18 1.79549769824e+29
1.76271507743e+18 1.78895535247e+29
1.76513306794e+18 1.78243085328e+29
1.76755105844e+18 1.77592428533e+29
1.76996904895e+18 1.7694354563e+29
1.77238703945e+18 1.76296424196e+29
1.77480502995e+18 1.75651072688e+29
1.77722302046e+18 1.75007467848e+29
1.77964101096e+18 1.74365619208e+29
1.78205900147e+18 1.73725506215e+29
1.78447699197e+18 1.73087127755e+29
1.78689498247e+18 1.72450469996e+29
1.78931297298e+18 1.71815538593e+29
1.79173096348e+18 1.71182306554e+29
1.79414895399e+18 1.70550789639e+29
1.79656694449e+18 1.6992096216e+29
1.79898493499e+18 1.69292829303e+29
1.8014029255e+18 1.6866638181e+29
1.803820916e+18 1.68041616571e+29
1.80623890651e+18 1.67418517822e+29
1.80865689701e+18 1.66797087831e+29
1.81107488751e+18 1.66177313183e+29
1.81349287802e+18 1.65559187954e+29
1.81591086852e+18 1.64942710606e+29
1.81832885903e+18 1.64327866751e+29
1.82074684953e+18 1.63714659887e+29
1.82316484003e+18 1.63103076806e+29
1.82558283054e+18 1.6249310939e+29
1.82800082104e+18 1.61884751569e+29
1.83041881155e+18 1.61277998059e+29
1.83283680205e+18 1.60672852008e+29
1.83525479255e+18 1.60069301151e+29
1.83767278306e+18 1.59467332619e+29
1.84009077356e+18 1.5886694446e+29
1.84250876407e+18 1.58268128875e+29
1.84492675457e+18 1.57670882623e+29
1.84734474507e+18 1.57075198123e+29
1.84976273558e+18 1.56481072556e+29
1.85218072608e+18 1.55888492044e+29
1.85459871659e+18 1.55297457269e+29
1.85701670709e+18 1.54707965334e+29
1.85943469759e+18 1.54120004135e+29
1.8618526881e+18 1.53533566592e+29
1.8642706786e+18 1.52948651961e+29
1.86668866911e+18 1.5236525074e+29
1.86910665961e+18 1.51783354851e+29
1.87152465011e+18 1.51202964235e+29
1.87394264062e+18 1.50624067851e+29
1.87636063112e+18 1.50046661771e+29
1.87877862163e+18 1.49470740714e+29
1.88119661213e+18 1.48896297176e+29
1.88361460263e+18 1.48323326825e+29
1.88603259314e+18 1.47751828184e+29
1.88845058364e+18 1.47181790669e+29
1.89086857415e+18 1.46613211669e+29
1.89328656465e+18 1.46046081698e+29
1.89570455515e+18 1.45480398202e+29
1.89812254566e+18 1.44916155192e+29
1.90054053616e+18 1.44353346589e+29
1.90295852667e+18 1.43791964952e+29
1.90537651717e+18 1.43232006566e+29
1.90779450767e+18 1.42673467904e+29
1.91021249818e+18 1.42116345417e+29
1.91263048868e+18 1.41578737045e+29
1.91504847919e+18 1.41114840401e+29
1.91746646969e+18 1.40652112571e+29
1.9198844602e+18 1.40190555064e+29
1.9223024507e+18 1.39730151219e+29
1.9247204412e+18 1.39270906257e+29
1.92713843171e+18 1.3881281192e+29
1.92955642221e+18 1.38355861468e+29
1.93197441272e+18 1.37900056775e+29
1.93439240322e+18 1.3744539171e+29
1.93681039372e+18 1.36991858979e+29
1.93922838423e+18 1.36539456856e+29
1.94164637473e+18 1.36088183617e+29
1.94406436524e+18 1.35638028823e+29
1.94648235574e+18 1.35188994526e+29
1.94890034624e+18 1.34741071935e+29
1.95131833675e+18 1.342942605e+29
1.95373632725e+18 1.33848548771e+29
1.95615431776e+18 1.33403940042e+29
1.95857230826e+18 1.32960427665e+29
1.96099029876e+18 1.32518011319e+29
1.96340828927e+18 1.32076685335e+29
1.96582627977e+18 1.31636442009e+29
1.96824427028e+18 1.311972788e+29
1.97066226078e+18 1.30759191446e+29
1.97308025128e+18 1.30322179543e+29
1.97549824179e+18 1.29886235315e+29
1.97791623229e+18 1.29451357855e+29
1.9803342228e+18 1.29017540768e+29
1.9827522133e+18 1.2858478101e+29
1.9851702038e+18 1.28153074575e+29
1.98758819431e+18 1.27722416563e+29
1.99000618481e+18 1.27292801766e+29
1.99242417532e+18 1.26864231686e+29
1.99484216582e+18 1.26436699991e+29
1.99726015632e+18 1.26010203467e+29
1.99967814683e+18 1.25584737786e+29
2.00209613733e+18 1.25160299091e+29
2.00451412784e+18 1.24736882567e+29
2.00693211834e+18 1.24314487826e+29
2.00935010884e+18 1.23893109889e+29
2.01176809935e+18 1.23472743606e+29
2.01418608985e+18 1.23053382766e+29
2.01660408036e+18 1.22634783883e+29
2.01902207086e+18 1.22217432875e+29
2.02144006136e+18 1.21801081135e+29
2.02385805187e+18 1.21385723879e+29
2.02627604237e+18 1.20971354559e+29
2.02869403288e+18 1.20557974534e+29
2.03111202338e+18 1.20145575464e+29
2.03353001388e+18 1.19734155451e+29
2.03594800439e+18 1.19323717028e+29
2.03836599489e+18 1.18914251104e+29
2.0407839854e+18 1.18505752752e+29
2.0432019759e+18 1.18098220634e+29
2.0456199664e+18 1.17691649355e+29
2.04803795691e+18 1.17286041262e+29
2.05045594741e+18 1.16881386573e+29
2.05287393792e+18 1.16477685589e+29
2.05529192842e+18 1.16074935683e+29
2.05770991892e+18 1.1567313051e+29
2.06012790943e+18 1.15272264943e+29
2.06254589993e+18 1.1487234086e+29
2.06496389044e+18 1.14473352744e+29
2.06738188094e+18 1.14075297164e+29
2.06979987144e+18 1.13678171507e+29
2.07221786195e+18 1.13281972208e+29
2.07463585245e+18 1.12886694158e+29
2.07705384296e+18 1.12492337724e+29
2.07947183346e+18 1.12098897408e+29
2.08188982396e+18 1.11706369688e+29
2.08430781447e+18 1.11314754164e+29
2.08672580497e+18 1.10924044091e+29
2.08914379548e+18 1.10534239642e+29
2.09156178598e+18 1.10192289982e+29
2.09397977648e+18 1.09882397342e+29
2.09639776699e+18 1.0957321984e+29
2.09881575749e+18 1.09264753869e+29
2.101233748e+18 1.08956998228e+29
2.1036517385e+18 1.08649949192e+29
2.106069729e+18 1.08343603622e+29
2.10848771951e+18 1.08037959734e+29
2.11090571001e+18 1.07733016212e+29
2.11332370052e+18 1.07428771825e+29
2.11574169102e+18 1.071252207e+29
2.11815968153e+18 1.06822362676e+29
2.12057767203e+18 1.06520194399e+29
2.12299566253e+18 1.06218713777e+29
2.12541365304e+18 1.05917920101e+29
2.12783164354e+18 1.0561780859e+29
2.13024963405e+18 1.05318378253e+29
2.13266762455e+18 1.05019626652e+29
2.13508561505e+18 1.04721551323e+29
2.13750360556e+18 1.04424149974e+29
2.13992159606e+18 1.04127420324e+29
2.14233958657e+18 1.03831360445e+29
2.14475757707e+18 1.0353596704e+29
2.14717556757e+18 1.03241238589e+29
2.14959355808e+18 1.02947173202e+29
2.15201154858e+18 1.02653768386e+29
2.15442953909e+18 1.02361021571e+29
2.15684752959e+18 1.02068931407e+29
2.15926552009e+18 1.01777494472e+29
2.1616835106e+18 1.01486709621e+29
2.1641015011e+18 1.01196572889e+29
2.16651949161e+18 1.00907085683e+29
2.16893748211e+18 1.00618240144e+29
2.17135547261e+18 1.00330040275e+29
2.17377346312e+18 1.00042480718e+29
2.17619145362e+18 9.97555602578e+28
2.17860944413e+18 9.94692754143e+28
2.18102743463e+18 9.91836254454e+28
2.18344542513e+18 9.88986069179e+28
2.18586341564e+18 9.86142201612e+28
2.18828140614e+18 9.83304602438e+28
2.19069939665e+18 9.8047326302e+28
2.19311738715e+18 9.77648168293e+28
2.19553537765e+18 9.74829300727e+28
2.19795336816e+18 9.72016623037e+28
2.20037135866e+18 9.69210129889e+28
2.20278934917e+18 9.66409781873e+28
2.20520733967e+18 9.63615583205e+28
2.20762533017e+18 9.60827509606e+28
2.21004332068e+18 9.58045515269e+28
2.21246131118e+18 9.5526960833e+28
2.21487930169e+18 9.52499750697e+28
2.21729729219e+18 9.49735931328e+28
2.21971528269e+18 9.46978141084e+28
2.2221332732e+18 9.44226354658e+28
2.2245512637e+18 9.41480528925e+28
2.22696925421e+18 9.38740671298e+28
2.22938724471e+18 9.36006756647e+28
2.23180523521e+18 9.33278761038e+28
2.23422322572e+18 9.30556667872e+28
2.23664121622e+18 9.278404548e+28
2.23905920673e+18 9.25130107142e+28
2.24147719723e+18 9.22425598404e+28
2.24389518773e+18 9.1972691846e+28
2.24631317824e+18 9.17034054484e+28
2.24873116874e+18 9.14346969955e+28
2.25114915925e+18 9.11665653007e+28
2.25356714975e+18 9.08990091355e+28
2.25598514025e+18 9.06320264591e+28
2.25840313076e+18 9.03656150369e+28
2.26082112126e+18 9.00997732337e+28
2.26323911177e+18 8.98344985214e+28
2.26565710227e+18 8.95697894458e+28
2.26807509277e+18 8.93056454164e+28
2.27049308328e+18 8.90420635449e+28
2.27291107378e+18 8.87790419981e+28
2.27532906429e+18 8.8516579659e+28
2.27774705479e+18 8.82546736818e+28
2.28016504529e+18 8.79933228591e+28
2.2825830358e+18 8.77325257451e+28
2.2850010263e+18 8.74774521634e+28
2.28741901681e+18 8.72694153164e+28
2.28983700731e+18 8.70618177734e+28
2.29225499781e+18 8.68546584307e+28
2.29467298832e+18 8.66479371744e+28
2.29709097882e+18 8.64416482203e+28
2.29950896933e+18 8.62357924297e+28
2.30192695983e+18 8.6030370092e+28
2.30434495033e+18 8.58253782117e+28
2.30676294084e+18 8.56208161604e+28
2.30918093134e+18 8.54166824702e+28
2.31159892185e+18 8.52129755494e+28
2.31401691235e+18 8.50096954231e+28
2.31643490285e+18 8.48068368485e+28
2.31885289336e+18 8.4604403355e+28
2.32127088386e+18 8.44023901431e+28
2.32368887437e+18 8.42007975919e+28
2.32610686487e+18 8.39996244388e+28
2.32852485538e+18 8.37988697714e+28
2.33094284588e+18 8.35985309222e+28
2.33336083638e+18 8.33986052975e+28
2.33577882689e+18 8.31990942274e+28
2.33819681739e+18 8.29999965833e+28
2.3406148079e+18 8.28013097066e+28
2.3430327984e+18 8.26030325192e+28
2.3454507889e+18 8.24051634451e+28
2.34786877941e+18 8.22077021774e+28
2.35028676991e+18 8.20106465804e+28
2.35270476042e+18 8.18139959758e+28
2.35512275092e+18 8.1617749747e+28
2.35754074142e+18 8.14219058096e+28
2.35995873193e+18 8.12264617338e+28
2.36237672243e+18 8.10314179211e+28
2.36479471294e+18 8.0836772958e+28
2.36721270344e+18 8.06425263035e+28
2.36963069394e+18 8.0448675468e+28
2.37204868445e+18 8.0255219851e+28
2.37446667495e+18 8.00621570734e+28
2.37688466546e+18 7.9869487033e+28
2.37930265596e+18 7.96772093981e+28
2.38172064646e+18 7.94853212768e+28
2.38413863697e+18 7.92938228645e+28
2.38655662747e+18 7.91027133543e+28
2.38897461798e+18 7.89119893931e+28
2.39139260848e+18 7.87216508529e+28
2.39381059898e+18 7.85316964434e+28
2.39622858949e+18 7.83421254843e+28
2.39864657999e+18 7.81529358931e+28
2.4010645705e+18 7.79641281801e+28
2.403482561e+18 7.77757004273e+28
2.4059005515e+18 7.75876505754e+28
2.40831854201e+18 7.73999783145e+28
2.41073653251e+18 7.72126823864e+28
2.41315452302e+18 7.70257617517e+28
2.41557251352e+18 7.68392148319e+28
